3000843 1573690
1679109 2521075
3082209 3343191
2936878 1848996
843013 1861057
1499766 2198803
2215838 345487
1059479 2147618
2621684 3046078
901992 1534316
2903039 826800
2216111 572957
1176430 1396702
504038 1816103
1462359 1438187
2906265 691262
3011878 813434
3007305 2322147
589717 2377276
399203 1432730
466393 1898969
3426501 2682231
2039424 714041
1057910 1094200
3555087 1959902
2423485 2891218
2581671 1072688
3464176 191193
2264358 196274
2007296 3521685
1634461 1346653
646040 1079431
1955056 3448313
3196546 2544773
2053649 28841
205564 2315011
1722778 65157
1430334 195295
574166 2283212
1084463 562346
471175 3302916
3453564 3052846
808696 3145800
3039007 3073055
3342074 1479395
3027832 1409628
2621016 3468840
2284027 1009164
3145214 1913666
3348906 1631955
1737475 3349438
380058 3460254
3209563 1605361
3450517 216822
116633 763040
779168 382776
499049 460792
3230590 1102713
39685 2702689
403828 3381759
410144 3226629
1019447 3031161
3128561 3303475
268385 2501835
1445201 3412259
361851 2977644
3194789 536877
2665958 2837445
1937206 2549567
2849235 2053840
3107576 61495
2231584 39717
317255 1895267
1142430 356940
1031048 1546259
3533668 1441193
1000948 781175
700414 357569
312710 763767
2859405 1757911
609119 3221256
963616 31968
191225 62666
2869413 1923400
2612234 1946708
410332 1947870
1803171 2641916
1987587 2120427
765243 2924985
2477367 1796292
699304 2239095
3032453 1700252
3020271 3527835
2057822 3332981
724694 1350319
1318953 1333813
799635 2282569
1160750 785828
2345235 463255
2709228 1185529
